Q[W/cm] 
61.703457  
38.677917  
36.467005  
40.174978  
44.221484  
48.687711  
53.438344  
57.358771  
61.498134  
65.459399  
69.666663  
72.767903  
76.958800  
81.984602  
85.162008  
88.656231  
92.505841  
96.589781  
98.397339  
102.472852  
106.710582  
108.795740  
112.533207  
115.472231  
119.381639  
122.651902  
125.121940  
126.922691  
129.969482  
134.333290  
133.785870  
137.231314  
139.207895  
141.080761  
142.750411  
145.008319  
146.977445  
149.679545  
150.191314  
151.251638  
152.953212  
153.563510  
155.713490  
157.106836  
155.168338  
156.873477  
158.244136  
156.889683  
158.397115  
158.932220  
158.782319  
158.233602  
158.003809  
156.489570  
157.099868  
155.969374  
155.260223  
155.872951  
153.284938  
153.166638  
151.234946  
148.334167  
149.632549  
146.510728  
145.475523  
142.906794  
140.287342  
139.376918  
136.926976  
136.372262  
131.823711  
129.566452  
126.633586  
124.913375  
121.633226  
119.264797  
116.150592  
112.568535  
110.874253  
106.941510  
103.751950  
100.138130  
96.353019  
93.117435  
89.090376  
85.469102  
82.234004  
77.330391  
74.286194  
70.519233  
65.279194  
61.908133  
56.820588  
52.980864  
49.449368  
44.374463  
40.692905  
37.300614  
38.978528  
62.160290  
