Q[W/cm] 
21.276484  
13.281160  
11.858368  
12.074857  
13.289279  
14.096052  
15.682000  
16.975229  
18.227911  
19.197161  
20.467183  
21.782581  
22.892332  
24.161382  
25.304030  
26.551527  
27.651230  
28.601680  
29.085090  
30.611645  
31.880371  
32.490345  
33.025287  
34.302764  
35.697083  
36.604589  
37.260262  
37.650004  
39.014018  
39.423693  
39.967224  
40.717375  
41.335938  
42.279744  
42.654415  
42.584083  
43.488186  
43.895268  
44.479637  
44.898710  
45.437218  
45.564107  
45.717248  
46.531249  
46.323333  
46.614707  
46.218484  
46.514720  
46.565767  
46.780165  
46.672075  
46.755533  
46.605632  
46.985975  
46.097753  
46.155444  
45.713035  
46.138591  
45.825501  
45.427333  
44.456301  
44.238013  
44.262484  
43.670336  
42.943520  
41.962117  
41.573672  
41.239353  
40.379815  
39.727869  
39.265041  
38.890533  
38.191429  
36.930967  
36.065919  
35.158089  
34.165342  
33.522633  
32.765676  
31.327440  
30.737561  
29.771391  
28.454049  
27.446555  
26.245729  
25.367717  
24.227662  
23.073833  
21.986770  
20.718044  
19.746202  
18.148181  
17.195137  
15.996986  
14.458098  
13.174123  
12.170226  
11.676219  
13.124420  
21.211176  
