Q[W/cm] 
0.000000  
0.000000  
0.000000  
0.000000  
0.000000  
0.000000  
0.000000  
0.000000  
8.579535  
18.432321  
17.501068  
17.679832  
30.783587  
35.371920  
38.789624  
42.900275  
47.210736  
51.414898  
55.957673  
60.145451  
64.162323  
67.906786  
71.789651  
75.713811  
80.415370  
83.483138  
86.887656  
90.044540  
93.359409  
96.376958  
99.062422  
102.209449  
105.339559  
107.444504  
110.191642  
112.337348  
114.666748  
116.635155  
119.290247  
120.430103  
122.604849  
124.004327  
125.474272  
126.206380  
127.079555  
128.245254  
128.310659  
128.814983  
129.823364  
129.931128  
130.263748  
130.202339  
129.551753  
129.461172  
127.876936  
127.506619  
126.148169  
125.031357  
123.588453  
122.479501  
120.826929  
118.585712  
116.776621  
114.824732  
112.627208  
110.594062  
107.584238  
105.938060  
102.783973  
100.144333  
96.612070  
94.180766  
90.521023  
86.716484  
83.499656  
79.785565  
75.593658  
72.241891  
68.287093  
64.675039  
59.833212  
55.952345  
51.530123  
47.444915  
43.537140  
38.730880  
35.742902  
30.896814  
17.797055  
17.645065  
18.603360  
8.570810  
0.000000  
0.000000  
0.000000  
0.000000  
0.000000  
0.000000  
0.000000  
0.000000  
