Q[W/cm] 
42.493333  
26.530168  
23.570271  
24.515488  
26.464438  
28.501822  
31.154220  
33.974928  
36.381602  
38.610502  
40.922698  
43.892027  
45.730861  
48.293918  
50.459941  
52.942943  
55.095353  
56.970326  
58.699612  
61.050539  
63.448300  
64.979555  
66.293170  
68.546865  
70.854362  
72.874049  
74.263344  
75.397565  
77.303814  
78.781105  
79.797026  
81.566501  
82.659236  
83.947894  
85.228126  
85.825622  
87.094186  
87.921151  
88.610856  
89.513825  
90.385193  
91.078301  
91.458643  
92.309754  
92.547651  
93.291806  
92.927993  
93.398276  
93.183553  
93.541532  
93.713148  
93.731622  
93.112897  
93.422422  
92.382517  
92.515402  
91.677255  
91.979325  
91.815812  
90.738958  
89.045973  
89.057965  
87.984191  
87.098562  
86.133850  
84.551548  
83.328359  
82.521165  
80.973543  
79.444719  
78.364948  
77.477051  
75.851156  
74.084760  
72.121629  
70.065155  
68.874215  
66.831678  
65.248242  
62.810291  
61.114875  
59.168436  
57.024128  
54.918066  
52.524032  
50.635122  
48.684308  
46.048650  
43.898509  
41.406918  
39.159381  
36.610423  
34.283318  
31.702532  
28.874435  
26.455250  
24.186079  
23.360637  
26.383087  
42.481016  
