Q[W/cm] 
72.882299  
43.754180  
41.938850  
45.435132  
49.051690  
54.317267  
58.854702  
63.093715  
67.037710  
70.901305  
72.788121  
73.983752  
78.309974  
80.652607  
84.593523  
88.325819  
90.290441  
92.165910  
95.206536  
97.625355  
97.924749  
99.528380  
101.721722  
102.725592  
104.881490  
106.523052  
107.958588  
110.235572  
112.455336  
111.913281  
111.871622  
113.181857  
113.620979  
114.467452  
116.124414  
117.427840  
117.049504  
119.117383  
120.067761  
120.641748  
120.155780  
120.260008  
121.500379  
120.972427  
121.884550  
120.917638  
121.181695  
121.162405  
121.553060  
121.757628  
121.365351  
122.755338  
121.678848  
121.676417  
123.161554  
121.644321  
122.000288  
120.274759  
119.431204  
119.528462  
120.093048  
118.891419  
118.481960  
118.061317  
117.357328  
117.879444  
115.609592  
114.562280  
112.576747  
111.438336  
113.161433  
112.260008  
110.380001  
108.228642  
107.222016  
106.105488  
104.004380  
101.680712  
100.054711  
97.836892  
97.699920  
95.527651  
93.005089  
90.370193  
87.566392  
85.627867  
81.475090  
78.893525  
74.773329  
72.299072  
70.177215  
66.776571  
62.468018  
58.491927  
54.030517  
49.950846  
45.156973  
42.192533  
44.377121  
72.472517  
