Q[W/cm] 
0.000000  
0.000000  
0.000000  
0.000000  
0.000000  
0.000000  
0.000000  
0.000000  
14.967413  
32.019125  
30.510208  
33.568671  
37.891470  
42.355868  
46.749467  
50.438422  
49.790364  
79.138278  
80.939511  
83.785039  
88.266735  
91.392913  
95.414814  
98.548904  
100.527538  
99.949073  
99.860440  
100.704537  
102.017280  
103.027784  
103.497233  
103.262441  
103.597935  
103.697430  
102.575900  
103.162678  
102.425585  
102.406007  
102.252340  
102.020632  
102.932177  
101.831297  
101.250418  
100.714460  
101.274152  
100.858339  
100.913852  
101.481992  
100.865579  
100.540813  
100.837823  
101.075028  
100.994977  
101.596773  
102.061530  
101.770018  
101.486819  
101.962705  
101.786377  
102.839521  
102.789103  
103.334984  
103.120172  
103.332436  
103.393582  
104.045394  
104.789460  
105.636508  
105.042354  
104.404219  
103.870808  
103.197676  
102.410298  
101.907594  
101.368284  
102.519314  
99.380665  
96.117849  
92.379415  
88.859682  
84.068774  
82.224095  
79.431131  
50.338793  
50.891110  
47.537515  
42.983276  
38.224013  
33.825588  
30.779595  
32.301250  
15.226878  
0.000000  
0.000000  
0.000000  
0.000000  
0.000000  
0.000000  
0.000000  
0.000000  
