Q[W/cm] 
55.063888  
33.764433  
30.133999  
31.109340  
34.346849  
37.814278  
40.588415  
43.133347  
46.224223  
48.665574  
54.233139  
56.468302  
59.312303  
61.054690  
63.572875  
65.561326  
68.552025  
69.820925  
71.351774  
72.520660  
76.655768  
78.398641  
80.252551  
81.129822  
82.423361  
83.269510  
85.507915  
86.941506  
87.570931  
88.933685  
90.730212  
91.524490  
91.869271  
93.771810  
93.811200  
94.226170  
94.600777  
95.562340  
96.132923  
96.250444  
98.471342  
97.692950  
98.220415  
98.608153  
99.129296  
99.392705  
98.545907  
99.184734  
98.996538  
98.661969  
98.982436  
99.177601  
99.247952  
98.411042  
98.544124  
99.320733  
99.072238  
98.106461  
97.958628  
98.079715  
96.350944  
95.603026  
95.550993  
94.998240  
94.073474  
94.157116  
93.220679  
92.742491  
91.635527  
91.254759  
88.464899  
87.262297  
87.174602  
85.259095  
84.384093  
83.104819  
82.129478  
80.071488  
78.979761  
77.762570  
73.041317  
72.809031  
70.395885  
67.426258  
65.884710  
64.002596  
61.694813  
59.106277  
56.445446  
55.070534  
48.675624  
46.656699  
43.628231  
40.718418  
37.729339  
34.394830  
31.862234  
30.467790  
34.138392  
55.104413  
