Q[W/cm] 
27.814318  
17.040180  
15.210877  
15.421636  
17.213463  
18.844164  
20.176768  
21.528824  
22.907301  
24.171500  
26.896522  
28.084535  
29.896947  
30.406906  
31.744211  
32.616134  
34.216847  
34.821795  
35.731000  
36.202704  
38.459102  
39.295525  
39.999677  
40.339596  
41.304724  
41.606550  
42.709300  
43.617856  
43.907363  
44.032340  
45.274493  
45.788181  
45.705349  
47.393108  
46.600451  
47.050758  
47.478372  
47.687315  
48.169393  
48.490509  
49.401659  
48.986203  
49.354489  
49.424677  
49.500376  
49.760219  
49.254150  
49.837053  
49.597959  
49.245235  
49.060768  
49.593258  
49.535552  
49.382694  
49.269712  
49.640915  
49.556462  
49.059309  
48.860091  
49.313802  
48.606246  
47.831906  
47.903878  
47.406725  
47.181571  
47.126620  
46.745042  
46.357305  
46.022411  
45.299943  
44.274676  
43.270643  
43.546209  
42.384780  
42.241162  
41.613682  
40.990255  
39.948130  
39.611453  
38.930320  
36.333679  
36.493669  
35.419287  
33.778049  
33.211194  
31.685694  
30.784594  
29.655584  
28.156506  
27.743157  
24.148158  
23.295525  
21.931798  
20.296396  
18.915487  
17.235670  
15.785011  
15.281487  
17.076815  
27.492068  
