  Z[m] 
-121.780000  
-119.345000  
-116.909000  
-114.473000  
-112.038000  
-109.602000  
-107.167000  
-104.731000  
-102.295000  
-99.859800  
-97.424200  
-94.988600  
-92.553000  
-90.117400  
-87.681800  
-85.246200  
-82.810600  
-80.375000  
-77.939400  
-75.503800  
-73.068200  
-70.632600  
-68.197000  
-65.761400  
-63.325800  
-60.890100  
-58.454500  
-56.018900  
-53.583300  
-51.147700  
-48.712100  
-46.276500  
-43.840900  
-41.405300  
-38.969700  
-36.534100  
-34.098500  
-31.662900  
-29.227300  
-26.791700  
-24.356100  
-21.920500  
-19.484800  
-17.049200  
-14.613600  
-12.178000  
-9.742420  
-7.306820  
-4.871210  
-2.435610  
0.000000  
2.435610  
4.871210  
7.306820  
9.742420  
12.178000  
14.613600  
17.049200  
19.484800  
21.920500  
24.356100  
26.791700  
29.227300  
31.662900  
34.098500  
36.534100  
38.969700  
41.405300  
43.840900  
46.276500  
48.712100  
51.147700  
53.583300  
56.018900  
58.454500  
60.890100  
63.325800  
65.761400  
68.197000  
70.632600  
73.068200  
75.503800  
77.939400  
80.375000  
82.810600  
85.246200  
87.681800  
90.117400  
92.553000  
94.988600  
97.424200  
99.859800  
102.295000  
104.731000  
107.167000  
109.602000  
112.038000  
114.473000  
116.909000  
119.345000  
